{
 "cells": [
  {
   "cell_type": "code",
   "execution_count": 305,
   "source": [
    "import pandas as pd\n",
    "import numpy as np\n",
    "from sklearn.pipeline import make_pipeline,Pipeline\n",
    "from sklearn.model_selection import train_test_split\n",
    "from sklearn.preprocessing import OrdinalEncoder,StandardScaler\n",
    "from sklearn.impute import SimpleImputer\n",
    "from sklearn.compose import ColumnTransformer\n",
    "from time import time\n",
    "from sklearn.metrics import mean_absolute_error,mean_squared_error\n",
    "\n",
    "from sklearn.tree import DecisionTreeRegressor\n",
    "from sklearn.ensemble import RandomForestRegressor\n",
    "from sklearn.ensemble import ExtraTreesRegressor\n",
    "from sklearn.ensemble import AdaBoostRegressor\n",
    "from xgboost import XGBRegressor\n",
    "from lightgbm import LGBMRegressor\n",
    "from catboost import CatBoostRegressor\n",
    "from sklearn.ensemble import GradientBoostingRegressor\n",
    "from sklearn.preprocessing import PowerTransformer"
   ],
   "outputs": [],
   "metadata": {}
  },
  {
   "cell_type": "code",
   "execution_count": 306,
   "source": [
    "data = pd.read_csv('data/london_merged.csv')\n",
    "data.head(1)\n",
    "np.random.seed(0)\n"
   ],
   "outputs": [],
   "metadata": {}
  },
  {
   "cell_type": "code",
   "execution_count": 307,
   "source": [
    "data.corr(method='pearson')\n",
    "data['new']= data['t1'] * data['t2']\n",
    "data.corr(method='pearson')"
   ],
   "outputs": [
    {
     "output_type": "execute_result",
     "data": {
      "text/html": [
       "<div>\n",
       "<style scoped>\n",
       "    .dataframe tbody tr th:only-of-type {\n",
       "        vertical-align: middle;\n",
       "    }\n",
       "\n",
       "    .dataframe tbody tr th {\n",
       "        vertical-align: top;\n",
       "    }\n",
       "\n",
       "    .dataframe thead th {\n",
       "        text-align: right;\n",
       "    }\n",
       "</style>\n",
       "<table border=\"1\" class=\"dataframe\">\n",
       "  <thead>\n",
       "    <tr style=\"text-align: right;\">\n",
       "      <th></th>\n",
       "      <th>cnt</th>\n",
       "      <th>t1</th>\n",
       "      <th>t2</th>\n",
       "      <th>hum</th>\n",
       "      <th>wind_speed</th>\n",
       "      <th>weather_code</th>\n",
       "      <th>is_holiday</th>\n",
       "      <th>is_weekend</th>\n",
       "      <th>season</th>\n",
       "      <th>new</th>\n",
       "    </tr>\n",
       "  </thead>\n",
       "  <tbody>\n",
       "    <tr>\n",
       "      <th>cnt</th>\n",
       "      <td>1.000000</td>\n",
       "      <td>0.388798</td>\n",
       "      <td>0.369035</td>\n",
       "      <td>-0.462901</td>\n",
       "      <td>0.116295</td>\n",
       "      <td>-0.166633</td>\n",
       "      <td>-0.051698</td>\n",
       "      <td>-0.096499</td>\n",
       "      <td>-0.116180</td>\n",
       "      <td>0.406547</td>\n",
       "    </tr>\n",
       "    <tr>\n",
       "      <th>t1</th>\n",
       "      <td>0.388798</td>\n",
       "      <td>1.000000</td>\n",
       "      <td>0.988344</td>\n",
       "      <td>-0.447781</td>\n",
       "      <td>0.145471</td>\n",
       "      <td>-0.097114</td>\n",
       "      <td>-0.042233</td>\n",
       "      <td>-0.005342</td>\n",
       "      <td>-0.285851</td>\n",
       "      <td>0.965622</td>\n",
       "    </tr>\n",
       "    <tr>\n",
       "      <th>t2</th>\n",
       "      <td>0.369035</td>\n",
       "      <td>0.988344</td>\n",
       "      <td>1.000000</td>\n",
       "      <td>-0.403495</td>\n",
       "      <td>0.088409</td>\n",
       "      <td>-0.098385</td>\n",
       "      <td>-0.040051</td>\n",
       "      <td>-0.008510</td>\n",
       "      <td>-0.285900</td>\n",
       "      <td>0.946437</td>\n",
       "    </tr>\n",
       "    <tr>\n",
       "      <th>hum</th>\n",
       "      <td>-0.462901</td>\n",
       "      <td>-0.447781</td>\n",
       "      <td>-0.403495</td>\n",
       "      <td>1.000000</td>\n",
       "      <td>-0.287789</td>\n",
       "      <td>0.334750</td>\n",
       "      <td>0.032068</td>\n",
       "      <td>0.028098</td>\n",
       "      <td>0.290381</td>\n",
       "      <td>-0.465079</td>\n",
       "    </tr>\n",
       "    <tr>\n",
       "      <th>wind_speed</th>\n",
       "      <td>0.116295</td>\n",
       "      <td>0.145471</td>\n",
       "      <td>0.088409</td>\n",
       "      <td>-0.287789</td>\n",
       "      <td>1.000000</td>\n",
       "      <td>0.124803</td>\n",
       "      <td>-0.002606</td>\n",
       "      <td>0.011479</td>\n",
       "      <td>0.010305</td>\n",
       "      <td>0.092746</td>\n",
       "    </tr>\n",
       "    <tr>\n",
       "      <th>weather_code</th>\n",
       "      <td>-0.166633</td>\n",
       "      <td>-0.097114</td>\n",
       "      <td>-0.098385</td>\n",
       "      <td>0.334750</td>\n",
       "      <td>0.124803</td>\n",
       "      <td>1.000000</td>\n",
       "      <td>0.012939</td>\n",
       "      <td>0.042362</td>\n",
       "      <td>0.098976</td>\n",
       "      <td>-0.123936</td>\n",
       "    </tr>\n",
       "    <tr>\n",
       "      <th>is_holiday</th>\n",
       "      <td>-0.051698</td>\n",
       "      <td>-0.042233</td>\n",
       "      <td>-0.040051</td>\n",
       "      <td>0.032068</td>\n",
       "      <td>-0.002606</td>\n",
       "      <td>0.012939</td>\n",
       "      <td>1.000000</td>\n",
       "      <td>-0.094898</td>\n",
       "      <td>-0.032488</td>\n",
       "      <td>-0.047011</td>\n",
       "    </tr>\n",
       "    <tr>\n",
       "      <th>is_weekend</th>\n",
       "      <td>-0.096499</td>\n",
       "      <td>-0.005342</td>\n",
       "      <td>-0.008510</td>\n",
       "      <td>0.028098</td>\n",
       "      <td>0.011479</td>\n",
       "      <td>0.042362</td>\n",
       "      <td>-0.094898</td>\n",
       "      <td>1.000000</td>\n",
       "      <td>0.001067</td>\n",
       "      <td>-0.007548</td>\n",
       "    </tr>\n",
       "    <tr>\n",
       "      <th>season</th>\n",
       "      <td>-0.116180</td>\n",
       "      <td>-0.285851</td>\n",
       "      <td>-0.285900</td>\n",
       "      <td>0.290381</td>\n",
       "      <td>0.010305</td>\n",
       "      <td>0.098976</td>\n",
       "      <td>-0.032488</td>\n",
       "      <td>0.001067</td>\n",
       "      <td>1.000000</td>\n",
       "      <td>-0.245166</td>\n",
       "    </tr>\n",
       "    <tr>\n",
       "      <th>new</th>\n",
       "      <td>0.406547</td>\n",
       "      <td>0.965622</td>\n",
       "      <td>0.946437</td>\n",
       "      <td>-0.465079</td>\n",
       "      <td>0.092746</td>\n",
       "      <td>-0.123936</td>\n",
       "      <td>-0.047011</td>\n",
       "      <td>-0.007548</td>\n",
       "      <td>-0.245166</td>\n",
       "      <td>1.000000</td>\n",
       "    </tr>\n",
       "  </tbody>\n",
       "</table>\n",
       "</div>"
      ],
      "text/plain": [
       "                   cnt        t1        t2       hum  wind_speed  \\\n",
       "cnt           1.000000  0.388798  0.369035 -0.462901    0.116295   \n",
       "t1            0.388798  1.000000  0.988344 -0.447781    0.145471   \n",
       "t2            0.369035  0.988344  1.000000 -0.403495    0.088409   \n",
       "hum          -0.462901 -0.447781 -0.403495  1.000000   -0.287789   \n",
       "wind_speed    0.116295  0.145471  0.088409 -0.287789    1.000000   \n",
       "weather_code -0.166633 -0.097114 -0.098385  0.334750    0.124803   \n",
       "is_holiday   -0.051698 -0.042233 -0.040051  0.032068   -0.002606   \n",
       "is_weekend   -0.096499 -0.005342 -0.008510  0.028098    0.011479   \n",
       "season       -0.116180 -0.285851 -0.285900  0.290381    0.010305   \n",
       "new           0.406547  0.965622  0.946437 -0.465079    0.092746   \n",
       "\n",
       "              weather_code  is_holiday  is_weekend    season       new  \n",
       "cnt              -0.166633   -0.051698   -0.096499 -0.116180  0.406547  \n",
       "t1               -0.097114   -0.042233   -0.005342 -0.285851  0.965622  \n",
       "t2               -0.098385   -0.040051   -0.008510 -0.285900  0.946437  \n",
       "hum               0.334750    0.032068    0.028098  0.290381 -0.465079  \n",
       "wind_speed        0.124803   -0.002606    0.011479  0.010305  0.092746  \n",
       "weather_code      1.000000    0.012939    0.042362  0.098976 -0.123936  \n",
       "is_holiday        0.012939    1.000000   -0.094898 -0.032488 -0.047011  \n",
       "is_weekend        0.042362   -0.094898    1.000000  0.001067 -0.007548  \n",
       "season            0.098976   -0.032488    0.001067  1.000000 -0.245166  \n",
       "new              -0.123936   -0.047011   -0.007548 -0.245166  1.000000  "
      ]
     },
     "metadata": {},
     "execution_count": 307
    }
   ],
   "metadata": {}
  },
  {
   "cell_type": "code",
   "execution_count": 308,
   "source": [
    "\n",
    "data['months'] = data['timestamp'].apply(lambda x: int(x.split('-')[1]))\n",
    "data['hours'] = data['timestamp'].apply(lambda x: int(x.split()[1][:2]))\n",
    "data['years'] = data['timestamp'].apply(lambda x: int(x[:4]))\n",
    "data.drop('timestamp',axis=1,inplace=True)\n"
   ],
   "outputs": [],
   "metadata": {}
  },
  {
   "cell_type": "code",
   "execution_count": null,
   "source": [],
   "outputs": [],
   "metadata": {}
  },
  {
   "cell_type": "code",
   "execution_count": 309,
   "source": [
    "data.corr(method='spearman')"
   ],
   "outputs": [
    {
     "output_type": "execute_result",
     "data": {
      "text/html": [
       "<div>\n",
       "<style scoped>\n",
       "    .dataframe tbody tr th:only-of-type {\n",
       "        vertical-align: middle;\n",
       "    }\n",
       "\n",
       "    .dataframe tbody tr th {\n",
       "        vertical-align: top;\n",
       "    }\n",
       "\n",
       "    .dataframe thead th {\n",
       "        text-align: right;\n",
       "    }\n",
       "</style>\n",
       "<table border=\"1\" class=\"dataframe\">\n",
       "  <thead>\n",
       "    <tr style=\"text-align: right;\">\n",
       "      <th></th>\n",
       "      <th>cnt</th>\n",
       "      <th>t1</th>\n",
       "      <th>t2</th>\n",
       "      <th>hum</th>\n",
       "      <th>wind_speed</th>\n",
       "      <th>weather_code</th>\n",
       "      <th>is_holiday</th>\n",
       "      <th>is_weekend</th>\n",
       "      <th>season</th>\n",
       "      <th>new</th>\n",
       "      <th>months</th>\n",
       "      <th>hours</th>\n",
       "      <th>years</th>\n",
       "    </tr>\n",
       "  </thead>\n",
       "  <tbody>\n",
       "    <tr>\n",
       "      <th>cnt</th>\n",
       "      <td>1.000000</td>\n",
       "      <td>0.392384</td>\n",
       "      <td>0.386731</td>\n",
       "      <td>-0.504613</td>\n",
       "      <td>0.181434</td>\n",
       "      <td>-0.119776</td>\n",
       "      <td>-0.051904</td>\n",
       "      <td>-0.067534</td>\n",
       "      <td>-0.107223</td>\n",
       "      <td>0.388526</td>\n",
       "      <td>0.068387</td>\n",
       "      <td>0.468937</td>\n",
       "      <td>0.004637</td>\n",
       "    </tr>\n",
       "    <tr>\n",
       "      <th>t1</th>\n",
       "      <td>0.392384</td>\n",
       "      <td>1.000000</td>\n",
       "      <td>0.995809</td>\n",
       "      <td>-0.380248</td>\n",
       "      <td>0.159299</td>\n",
       "      <td>-0.059792</td>\n",
       "      <td>-0.041370</td>\n",
       "      <td>-0.004992</td>\n",
       "      <td>-0.279427</td>\n",
       "      <td>0.997986</td>\n",
       "      <td>0.345724</td>\n",
       "      <td>0.154931</td>\n",
       "      <td>-0.047602</td>\n",
       "    </tr>\n",
       "    <tr>\n",
       "      <th>t2</th>\n",
       "      <td>0.386731</td>\n",
       "      <td>0.995809</td>\n",
       "      <td>1.000000</td>\n",
       "      <td>-0.360955</td>\n",
       "      <td>0.107333</td>\n",
       "      <td>-0.066359</td>\n",
       "      <td>-0.041606</td>\n",
       "      <td>-0.004383</td>\n",
       "      <td>-0.280571</td>\n",
       "      <td>0.999457</td>\n",
       "      <td>0.357718</td>\n",
       "      <td>0.148514</td>\n",
       "      <td>-0.043910</td>\n",
       "    </tr>\n",
       "    <tr>\n",
       "      <th>hum</th>\n",
       "      <td>-0.504613</td>\n",
       "      <td>-0.380248</td>\n",
       "      <td>-0.360955</td>\n",
       "      <td>1.000000</td>\n",
       "      <td>-0.319598</td>\n",
       "      <td>0.365801</td>\n",
       "      <td>0.032024</td>\n",
       "      <td>0.028362</td>\n",
       "      <td>0.272071</td>\n",
       "      <td>-0.366404</td>\n",
       "      <td>0.118040</td>\n",
       "      <td>-0.294712</td>\n",
       "      <td>0.073413</td>\n",
       "    </tr>\n",
       "    <tr>\n",
       "      <th>wind_speed</th>\n",
       "      <td>0.181434</td>\n",
       "      <td>0.159299</td>\n",
       "      <td>0.107333</td>\n",
       "      <td>-0.319598</td>\n",
       "      <td>1.000000</td>\n",
       "      <td>0.160982</td>\n",
       "      <td>-0.008737</td>\n",
       "      <td>0.003751</td>\n",
       "      <td>-0.009141</td>\n",
       "      <td>0.122413</td>\n",
       "      <td>-0.078165</td>\n",
       "      <td>0.150897</td>\n",
       "      <td>-0.092412</td>\n",
       "    </tr>\n",
       "    <tr>\n",
       "      <th>weather_code</th>\n",
       "      <td>-0.119776</td>\n",
       "      <td>-0.059792</td>\n",
       "      <td>-0.066359</td>\n",
       "      <td>0.365801</td>\n",
       "      <td>0.160982</td>\n",
       "      <td>1.000000</td>\n",
       "      <td>0.005594</td>\n",
       "      <td>0.049169</td>\n",
       "      <td>0.116525</td>\n",
       "      <td>-0.064383</td>\n",
       "      <td>0.009558</td>\n",
       "      <td>-0.034016</td>\n",
       "      <td>-0.009785</td>\n",
       "    </tr>\n",
       "    <tr>\n",
       "      <th>is_holiday</th>\n",
       "      <td>-0.051904</td>\n",
       "      <td>-0.041370</td>\n",
       "      <td>-0.041606</td>\n",
       "      <td>0.032024</td>\n",
       "      <td>-0.008737</td>\n",
       "      <td>0.005594</td>\n",
       "      <td>1.000000</td>\n",
       "      <td>-0.094898</td>\n",
       "      <td>-0.032908</td>\n",
       "      <td>-0.041633</td>\n",
       "      <td>-0.011535</td>\n",
       "      <td>-0.000288</td>\n",
       "      <td>0.026368</td>\n",
       "    </tr>\n",
       "    <tr>\n",
       "      <th>is_weekend</th>\n",
       "      <td>-0.067534</td>\n",
       "      <td>-0.004992</td>\n",
       "      <td>-0.004383</td>\n",
       "      <td>0.028362</td>\n",
       "      <td>0.003751</td>\n",
       "      <td>0.049169</td>\n",
       "      <td>-0.094898</td>\n",
       "      <td>1.000000</td>\n",
       "      <td>0.001060</td>\n",
       "      <td>-0.005069</td>\n",
       "      <td>-0.005373</td>\n",
       "      <td>0.001803</td>\n",
       "      <td>0.002649</td>\n",
       "    </tr>\n",
       "    <tr>\n",
       "      <th>season</th>\n",
       "      <td>-0.107223</td>\n",
       "      <td>-0.279427</td>\n",
       "      <td>-0.280571</td>\n",
       "      <td>0.272071</td>\n",
       "      <td>-0.009141</td>\n",
       "      <td>0.116525</td>\n",
       "      <td>-0.032908</td>\n",
       "      <td>0.001060</td>\n",
       "      <td>1.000000</td>\n",
       "      <td>-0.280595</td>\n",
       "      <td>0.208029</td>\n",
       "      <td>0.000004</td>\n",
       "      <td>0.019117</td>\n",
       "    </tr>\n",
       "    <tr>\n",
       "      <th>new</th>\n",
       "      <td>0.388526</td>\n",
       "      <td>0.997986</td>\n",
       "      <td>0.999457</td>\n",
       "      <td>-0.366404</td>\n",
       "      <td>0.122413</td>\n",
       "      <td>-0.064383</td>\n",
       "      <td>-0.041633</td>\n",
       "      <td>-0.005069</td>\n",
       "      <td>-0.280595</td>\n",
       "      <td>1.000000</td>\n",
       "      <td>0.354850</td>\n",
       "      <td>0.150291</td>\n",
       "      <td>-0.044942</td>\n",
       "    </tr>\n",
       "    <tr>\n",
       "      <th>months</th>\n",
       "      <td>0.068387</td>\n",
       "      <td>0.345724</td>\n",
       "      <td>0.357718</td>\n",
       "      <td>0.118040</td>\n",
       "      <td>-0.078165</td>\n",
       "      <td>0.009558</td>\n",
       "      <td>-0.011535</td>\n",
       "      <td>-0.005373</td>\n",
       "      <td>0.208029</td>\n",
       "      <td>0.354850</td>\n",
       "      <td>1.000000</td>\n",
       "      <td>-0.000316</td>\n",
       "      <td>-0.020228</td>\n",
       "    </tr>\n",
       "    <tr>\n",
       "      <th>hours</th>\n",
       "      <td>0.468937</td>\n",
       "      <td>0.154931</td>\n",
       "      <td>0.148514</td>\n",
       "      <td>-0.294712</td>\n",
       "      <td>0.150897</td>\n",
       "      <td>-0.034016</td>\n",
       "      <td>-0.000288</td>\n",
       "      <td>0.001803</td>\n",
       "      <td>0.000004</td>\n",
       "      <td>0.150291</td>\n",
       "      <td>-0.000316</td>\n",
       "      <td>1.000000</td>\n",
       "      <td>0.000557</td>\n",
       "    </tr>\n",
       "    <tr>\n",
       "      <th>years</th>\n",
       "      <td>0.004637</td>\n",
       "      <td>-0.047602</td>\n",
       "      <td>-0.043910</td>\n",
       "      <td>0.073413</td>\n",
       "      <td>-0.092412</td>\n",
       "      <td>-0.009785</td>\n",
       "      <td>0.026368</td>\n",
       "      <td>0.002649</td>\n",
       "      <td>0.019117</td>\n",
       "      <td>-0.044942</td>\n",
       "      <td>-0.020228</td>\n",
       "      <td>0.000557</td>\n",
       "      <td>1.000000</td>\n",
       "    </tr>\n",
       "  </tbody>\n",
       "</table>\n",
       "</div>"
      ],
      "text/plain": [
       "                   cnt        t1        t2       hum  wind_speed  \\\n",
       "cnt           1.000000  0.392384  0.386731 -0.504613    0.181434   \n",
       "t1            0.392384  1.000000  0.995809 -0.380248    0.159299   \n",
       "t2            0.386731  0.995809  1.000000 -0.360955    0.107333   \n",
       "hum          -0.504613 -0.380248 -0.360955  1.000000   -0.319598   \n",
       "wind_speed    0.181434  0.159299  0.107333 -0.319598    1.000000   \n",
       "weather_code -0.119776 -0.059792 -0.066359  0.365801    0.160982   \n",
       "is_holiday   -0.051904 -0.041370 -0.041606  0.032024   -0.008737   \n",
       "is_weekend   -0.067534 -0.004992 -0.004383  0.028362    0.003751   \n",
       "season       -0.107223 -0.279427 -0.280571  0.272071   -0.009141   \n",
       "new           0.388526  0.997986  0.999457 -0.366404    0.122413   \n",
       "months        0.068387  0.345724  0.357718  0.118040   -0.078165   \n",
       "hours         0.468937  0.154931  0.148514 -0.294712    0.150897   \n",
       "years         0.004637 -0.047602 -0.043910  0.073413   -0.092412   \n",
       "\n",
       "              weather_code  is_holiday  is_weekend    season       new  \\\n",
       "cnt              -0.119776   -0.051904   -0.067534 -0.107223  0.388526   \n",
       "t1               -0.059792   -0.041370   -0.004992 -0.279427  0.997986   \n",
       "t2               -0.066359   -0.041606   -0.004383 -0.280571  0.999457   \n",
       "hum               0.365801    0.032024    0.028362  0.272071 -0.366404   \n",
       "wind_speed        0.160982   -0.008737    0.003751 -0.009141  0.122413   \n",
       "weather_code      1.000000    0.005594    0.049169  0.116525 -0.064383   \n",
       "is_holiday        0.005594    1.000000   -0.094898 -0.032908 -0.041633   \n",
       "is_weekend        0.049169   -0.094898    1.000000  0.001060 -0.005069   \n",
       "season            0.116525   -0.032908    0.001060  1.000000 -0.280595   \n",
       "new              -0.064383   -0.041633   -0.005069 -0.280595  1.000000   \n",
       "months            0.009558   -0.011535   -0.005373  0.208029  0.354850   \n",
       "hours            -0.034016   -0.000288    0.001803  0.000004  0.150291   \n",
       "years            -0.009785    0.026368    0.002649  0.019117 -0.044942   \n",
       "\n",
       "                months     hours     years  \n",
       "cnt           0.068387  0.468937  0.004637  \n",
       "t1            0.345724  0.154931 -0.047602  \n",
       "t2            0.357718  0.148514 -0.043910  \n",
       "hum           0.118040 -0.294712  0.073413  \n",
       "wind_speed   -0.078165  0.150897 -0.092412  \n",
       "weather_code  0.009558 -0.034016 -0.009785  \n",
       "is_holiday   -0.011535 -0.000288  0.026368  \n",
       "is_weekend   -0.005373  0.001803  0.002649  \n",
       "season        0.208029  0.000004  0.019117  \n",
       "new           0.354850  0.150291 -0.044942  \n",
       "months        1.000000 -0.000316 -0.020228  \n",
       "hours        -0.000316  1.000000  0.000557  \n",
       "years        -0.020228  0.000557  1.000000  "
      ]
     },
     "metadata": {},
     "execution_count": 309
    }
   ],
   "metadata": {}
  },
  {
   "cell_type": "code",
   "execution_count": 310,
   "source": [
    "def augmentation(data):\n",
    "    synt_data = data.copy()\n",
    "    for month in synt_data['months'].unique():\n",
    "\n",
    "        t1_std = synt_data[synt_data['months']==month]['t1'].std()\n",
    "        t2_std = synt_data[synt_data['months']==month]['t2'].std()\n",
    "        hum_std = synt_data[synt_data['months']==month]['hum'].std()\n",
    "        wind_std = synt_data[synt_data['months']==month]['wind_speed'].std()\n",
    "\n",
    "        for i in synt_data[synt_data['months']==month].index:\n",
    "            if np.random.randint(2) == 1:\n",
    "                synt_data['t1'].values[i] += t1_std/5\n",
    "            else:\n",
    "                synt_data['t1'].values[i] -= t1_std/5\n",
    "            \n",
    "            if np.random.randint(2) == 1:\n",
    "                synt_data['t2'].values[i] += t2_std/5\n",
    "            else:\n",
    "                synt_data['t2'].values[i] -= t2_std/5\n",
    "\n",
    "            if np.random.randint(2) == 1:\n",
    "                synt_data['hum'].values[i] += hum_std/5\n",
    "            else:\n",
    "                synt_data['hum'].values[i] -= hum_std/5\n",
    "\n",
    "            if np.random.randint(2) == 1:\n",
    "                synt_data['wind_speed'].values[i] += wind_std/5\n",
    "            else:\n",
    "                synt_data['wind_speed'].values[i] -= wind_std/5\n",
    "    return synt_data\n",
    "        "
   ],
   "outputs": [],
   "metadata": {}
  },
  {
   "cell_type": "code",
   "execution_count": 311,
   "source": [
    "# def augmentation(data):\n",
    "#     synt_data = data.copy()\n",
    "#     for season in synt_data['season'].unique():\n",
    "\n",
    "#         t1_std = synt_data[synt_data['season']==season]['t1'].std()\n",
    "#         t2_std = synt_data[synt_data['season']==season]['t2'].std()\n",
    "#         hum_std = synt_data[synt_data['season']==season]['hum'].std()\n",
    "#         wind_std = synt_data[synt_data['season']==season]['wind_speed'].std()\n",
    "\n",
    "#         for i in synt_data[synt_data['season']==season].index:\n",
    "#             if np.random.randint(2) == 1:\n",
    "#                 synt_data['t1'].values[i] += t1_std/10\n",
    "#             else:\n",
    "#                 synt_data['t1'].values[i] -= t1_std/10\n",
    "            \n",
    "#             if np.random.randint(2) == 1:\n",
    "#                 synt_data['t2'].values[i] += t2_std/10\n",
    "#             else:\n",
    "#                 synt_data['t2'].values[i] -= t2_std/10\n",
    "\n",
    "#             if np.random.randint(2) == 1:\n",
    "#                 synt_data['hum'].values[i] += hum_std/10\n",
    "#             else:\n",
    "#                 synt_data['hum'].values[i] -= hum_std/10\n",
    "\n",
    "#             if np.random.randint(2) == 1:\n",
    "#                 synt_data['wind_speed'].values[i] += wind_std/10\n",
    "#             else:\n",
    "#                 synt_data['wind_speed'].values[i] -= wind_std/10\n",
    "#     return synt_data\n",
    "        "
   ],
   "outputs": [],
   "metadata": {}
  },
  {
   "cell_type": "code",
   "execution_count": 312,
   "source": [
    "augmented = augmentation(data)\n"
   ],
   "outputs": [],
   "metadata": {}
  },
  {
   "cell_type": "code",
   "execution_count": 313,
   "source": [
    "x,y = data.drop('cnt',axis=1),data['cnt']"
   ],
   "outputs": [],
   "metadata": {}
  },
  {
   "cell_type": "code",
   "execution_count": null,
   "source": [],
   "outputs": [],
   "metadata": {}
  },
  {
   "cell_type": "code",
   "execution_count": 314,
   "source": [
    "x_train,x_test,y_train,y_test = train_test_split(x,y,train_size=0.8,random_state=0)\n",
    "extra_sample = augmented.sample(augmented.shape[0]//4)\n",
    "x_train = pd.concat((x_train,extra_sample.drop('cnt',axis=1)),axis=0)\n",
    "y_train = pd.concat((y_train,extra_sample['cnt']),axis=0)\n",
    "transformer = PowerTransformer()\n",
    "y_train = transformer.fit_transform(y_train.values.reshape(-1,1))\n",
    "y_test = transformer.transform(y_test.values.reshape(-1,1))\n"
   ],
   "outputs": [],
   "metadata": {}
  },
  {
   "cell_type": "code",
   "execution_count": null,
   "source": [],
   "outputs": [],
   "metadata": {}
  },
  {
   "cell_type": "code",
   "execution_count": 315,
   "source": [
    "x_train"
   ],
   "outputs": [
    {
     "output_type": "execute_result",
     "data": {
      "text/html": [
       "<div>\n",
       "<style scoped>\n",
       "    .dataframe tbody tr th:only-of-type {\n",
       "        vertical-align: middle;\n",
       "    }\n",
       "\n",
       "    .dataframe tbody tr th {\n",
       "        vertical-align: top;\n",
       "    }\n",
       "\n",
       "    .dataframe thead th {\n",
       "        text-align: right;\n",
       "    }\n",
       "</style>\n",
       "<table border=\"1\" class=\"dataframe\">\n",
       "  <thead>\n",
       "    <tr style=\"text-align: right;\">\n",
       "      <th></th>\n",
       "      <th>t1</th>\n",
       "      <th>t2</th>\n",
       "      <th>hum</th>\n",
       "      <th>wind_speed</th>\n",
       "      <th>weather_code</th>\n",
       "      <th>is_holiday</th>\n",
       "      <th>is_weekend</th>\n",
       "      <th>season</th>\n",
       "      <th>new</th>\n",
       "      <th>months</th>\n",
       "      <th>hours</th>\n",
       "      <th>years</th>\n",
       "    </tr>\n",
       "  </thead>\n",
       "  <tbody>\n",
       "    <tr>\n",
       "      <th>4493</th>\n",
       "      <td>26.000000</td>\n",
       "      <td>25.000000</td>\n",
       "      <td>25.000000</td>\n",
       "      <td>18.000000</td>\n",
       "      <td>1.0</td>\n",
       "      <td>0.0</td>\n",
       "      <td>0.0</td>\n",
       "      <td>1.0</td>\n",
       "      <td>650.00</td>\n",
       "      <td>7</td>\n",
       "      <td>16</td>\n",
       "      <td>2015</td>\n",
       "    </tr>\n",
       "    <tr>\n",
       "      <th>14407</th>\n",
       "      <td>16.500000</td>\n",
       "      <td>16.500000</td>\n",
       "      <td>66.000000</td>\n",
       "      <td>5.000000</td>\n",
       "      <td>1.0</td>\n",
       "      <td>0.0</td>\n",
       "      <td>0.0</td>\n",
       "      <td>1.0</td>\n",
       "      <td>272.25</td>\n",
       "      <td>8</td>\n",
       "      <td>2</td>\n",
       "      <td>2016</td>\n",
       "    </tr>\n",
       "    <tr>\n",
       "      <th>7862</th>\n",
       "      <td>11.000000</td>\n",
       "      <td>11.000000</td>\n",
       "      <td>72.000000</td>\n",
       "      <td>27.000000</td>\n",
       "      <td>7.0</td>\n",
       "      <td>0.0</td>\n",
       "      <td>1.0</td>\n",
       "      <td>2.0</td>\n",
       "      <td>121.00</td>\n",
       "      <td>11</td>\n",
       "      <td>6</td>\n",
       "      <td>2015</td>\n",
       "    </tr>\n",
       "    <tr>\n",
       "      <th>2627</th>\n",
       "      <td>11.500000</td>\n",
       "      <td>11.500000</td>\n",
       "      <td>69.500000</td>\n",
       "      <td>17.000000</td>\n",
       "      <td>1.0</td>\n",
       "      <td>0.0</td>\n",
       "      <td>0.0</td>\n",
       "      <td>0.0</td>\n",
       "      <td>132.25</td>\n",
       "      <td>4</td>\n",
       "      <td>19</td>\n",
       "      <td>2015</td>\n",
       "    </tr>\n",
       "    <tr>\n",
       "      <th>1764</th>\n",
       "      <td>9.000000</td>\n",
       "      <td>6.000000</td>\n",
       "      <td>66.000000</td>\n",
       "      <td>18.000000</td>\n",
       "      <td>2.0</td>\n",
       "      <td>0.0</td>\n",
       "      <td>0.0</td>\n",
       "      <td>0.0</td>\n",
       "      <td>54.00</td>\n",
       "      <td>3</td>\n",
       "      <td>14</td>\n",
       "      <td>2015</td>\n",
       "    </tr>\n",
       "    <tr>\n",
       "      <th>...</th>\n",
       "      <td>...</td>\n",
       "      <td>...</td>\n",
       "      <td>...</td>\n",
       "      <td>...</td>\n",
       "      <td>...</td>\n",
       "      <td>...</td>\n",
       "      <td>...</td>\n",
       "      <td>...</td>\n",
       "      <td>...</td>\n",
       "      <td>...</td>\n",
       "      <td>...</td>\n",
       "      <td>...</td>\n",
       "    </tr>\n",
       "    <tr>\n",
       "      <th>6144</th>\n",
       "      <td>14.729847</td>\n",
       "      <td>13.269647</td>\n",
       "      <td>79.285430</td>\n",
       "      <td>9.307588</td>\n",
       "      <td>1.0</td>\n",
       "      <td>0.0</td>\n",
       "      <td>0.0</td>\n",
       "      <td>2.0</td>\n",
       "      <td>196.00</td>\n",
       "      <td>9</td>\n",
       "      <td>23</td>\n",
       "      <td>2015</td>\n",
       "    </tr>\n",
       "    <tr>\n",
       "      <th>3867</th>\n",
       "      <td>15.309409</td>\n",
       "      <td>15.299035</td>\n",
       "      <td>71.056508</td>\n",
       "      <td>9.664941</td>\n",
       "      <td>3.0</td>\n",
       "      <td>0.0</td>\n",
       "      <td>1.0</td>\n",
       "      <td>1.0</td>\n",
       "      <td>256.00</td>\n",
       "      <td>6</td>\n",
       "      <td>14</td>\n",
       "      <td>2015</td>\n",
       "    </tr>\n",
       "    <tr>\n",
       "      <th>2952</th>\n",
       "      <td>12.149861</td>\n",
       "      <td>12.241733</td>\n",
       "      <td>77.613949</td>\n",
       "      <td>17.420742</td>\n",
       "      <td>3.0</td>\n",
       "      <td>0.0</td>\n",
       "      <td>0.0</td>\n",
       "      <td>0.0</td>\n",
       "      <td>132.25</td>\n",
       "      <td>5</td>\n",
       "      <td>8</td>\n",
       "      <td>2015</td>\n",
       "    </tr>\n",
       "    <tr>\n",
       "      <th>507</th>\n",
       "      <td>2.697634</td>\n",
       "      <td>-1.137684</td>\n",
       "      <td>85.944568</td>\n",
       "      <td>14.837427</td>\n",
       "      <td>1.0</td>\n",
       "      <td>0.0</td>\n",
       "      <td>1.0</td>\n",
       "      <td>3.0</td>\n",
       "      <td>-4.00</td>\n",
       "      <td>1</td>\n",
       "      <td>4</td>\n",
       "      <td>2015</td>\n",
       "    </tr>\n",
       "    <tr>\n",
       "      <th>1996</th>\n",
       "      <td>10.529105</td>\n",
       "      <td>7.793336</td>\n",
       "      <td>88.256332</td>\n",
       "      <td>8.209548</td>\n",
       "      <td>3.0</td>\n",
       "      <td>0.0</td>\n",
       "      <td>1.0</td>\n",
       "      <td>0.0</td>\n",
       "      <td>85.00</td>\n",
       "      <td>3</td>\n",
       "      <td>6</td>\n",
       "      <td>2015</td>\n",
       "    </tr>\n",
       "  </tbody>\n",
       "</table>\n",
       "<p>18284 rows × 12 columns</p>\n",
       "</div>"
      ],
      "text/plain": [
       "              t1         t2        hum  wind_speed  weather_code  is_holiday  \\\n",
       "4493   26.000000  25.000000  25.000000   18.000000           1.0         0.0   \n",
       "14407  16.500000  16.500000  66.000000    5.000000           1.0         0.0   \n",
       "7862   11.000000  11.000000  72.000000   27.000000           7.0         0.0   \n",
       "2627   11.500000  11.500000  69.500000   17.000000           1.0         0.0   \n",
       "1764    9.000000   6.000000  66.000000   18.000000           2.0         0.0   \n",
       "...          ...        ...        ...         ...           ...         ...   \n",
       "6144   14.729847  13.269647  79.285430    9.307588           1.0         0.0   \n",
       "3867   15.309409  15.299035  71.056508    9.664941           3.0         0.0   \n",
       "2952   12.149861  12.241733  77.613949   17.420742           3.0         0.0   \n",
       "507     2.697634  -1.137684  85.944568   14.837427           1.0         0.0   \n",
       "1996   10.529105   7.793336  88.256332    8.209548           3.0         0.0   \n",
       "\n",
       "       is_weekend  season     new  months  hours  years  \n",
       "4493          0.0     1.0  650.00       7     16   2015  \n",
       "14407         0.0     1.0  272.25       8      2   2016  \n",
       "7862          1.0     2.0  121.00      11      6   2015  \n",
       "2627          0.0     0.0  132.25       4     19   2015  \n",
       "1764          0.0     0.0   54.00       3     14   2015  \n",
       "...           ...     ...     ...     ...    ...    ...  \n",
       "6144          0.0     2.0  196.00       9     23   2015  \n",
       "3867          1.0     1.0  256.00       6     14   2015  \n",
       "2952          0.0     0.0  132.25       5      8   2015  \n",
       "507           1.0     3.0   -4.00       1      4   2015  \n",
       "1996          1.0     0.0   85.00       3      6   2015  \n",
       "\n",
       "[18284 rows x 12 columns]"
      ]
     },
     "metadata": {},
     "execution_count": 315
    }
   ],
   "metadata": {}
  },
  {
   "cell_type": "code",
   "execution_count": 316,
   "source": [
    "num_cols = ['t1','t2','hum','wind_speed','new']\n",
    "cat_cols = ['weather_code','is_holiday','is_weekend','season','months','years','hours']\n",
    "num_imputer = SimpleImputer(strategy='constant',fill_value=-999)\n",
    "cat_imputer =SimpleImputer(strategy='constant',fill_value='missing value')\n",
    "cat_encoder = OrdinalEncoder(handle_unknown='ignore')\n",
    "num_pipe = Pipeline([('num_imputer',num_imputer)])\n",
    "cat_pipe = Pipeline([('cat_imputer',cat_imputer),('cat_encoder',cat_encoder)])\n",
    "\n",
    "prep_pro = ColumnTransformer([('numerical',num_pipe,num_cols),('categorical',cat_pipe,cat_cols)],remainder='drop')\n"
   ],
   "outputs": [],
   "metadata": {}
  },
  {
   "cell_type": "code",
   "execution_count": 317,
   "source": [
    "trees = {\n",
    "        'Decision Tree': DecisionTreeRegressor(),\n",
    "        'Random Forest': RandomForestRegressor(),\n",
    "        'Extra Trees': ExtraTreesRegressor(),\n",
    "        'Ada Boost': AdaBoostRegressor(),\n",
    "        'XGB Regressor': XGBRegressor(),\n",
    "        'LGBM Regressor': LGBMRegressor(),\n",
    "        'CatBoost Regressor': CatBoostRegressor(verbose=False),\n",
    "        'Sklearn Gradient Boost' : GradientBoostingRegressor()\n",
    "}\n",
    "\n",
    "pipes = {name: make_pipeline(prep_pro,model) for name,model in trees.items()}\n",
    "results=[]\n",
    "for name,model in trees.items():\n",
    "        start = time()\n",
    "        model.fit(x_train,y_train)\n",
    "        tot_time = time() - start\n",
    "\n",
    "        pred = model.predict(x_test)\n",
    "\n",
    "        results.append({\n",
    "                'name': name,\n",
    "                'MSE':  mean_squared_error(y_test,pred),\n",
    "                'MAE': mean_absolute_error(y_test,pred),\n",
    "                'fitting time': tot_time\n",
    "        })\n",
    "\n"
   ],
   "outputs": [
    {
     "output_type": "stream",
     "name": "stderr",
     "text": [
      "/var/folders/1h/x7tmv9xd1bsclx868ql32nf40000gn/T/ipykernel_24819/2378068110.py:16: DataConversionWarning: A column-vector y was passed when a 1d array was expected. Please change the shape of y to (n_samples,), for example using ravel().\n",
      "  model.fit(x_train,y_train)\n",
      "/var/folders/1h/x7tmv9xd1bsclx868ql32nf40000gn/T/ipykernel_24819/2378068110.py:16: DataConversionWarning: A column-vector y was passed when a 1d array was expected. Please change the shape of y to (n_samples,), for example using ravel().\n",
      "  model.fit(x_train,y_train)\n",
      "/Users/saidalikhonalikhonov/opt/anaconda3/envs/new_env/lib/python3.9/site-packages/sklearn/utils/validation.py:63: DataConversionWarning: A column-vector y was passed when a 1d array was expected. Please change the shape of y to (n_samples, ), for example using ravel().\n",
      "  return f(*args, **kwargs)\n",
      "/Users/saidalikhonalikhonov/opt/anaconda3/envs/new_env/lib/python3.9/site-packages/lightgbm/basic.py:154: UserWarning: Converting column-vector to 1d array\n",
      "  _log_warning('Converting column-vector to 1d array')\n",
      "/Users/saidalikhonalikhonov/opt/anaconda3/envs/new_env/lib/python3.9/site-packages/sklearn/utils/validation.py:63: DataConversionWarning: A column-vector y was passed when a 1d array was expected. Please change the shape of y to (n_samples, ), for example using ravel().\n",
      "  return f(*args, **kwargs)\n"
     ]
    }
   ],
   "metadata": {}
  },
  {
   "cell_type": "code",
   "execution_count": 318,
   "source": [
    "dfff= pd.DataFrame(results)"
   ],
   "outputs": [],
   "metadata": {}
  },
  {
   "cell_type": "code",
   "execution_count": 319,
   "source": [
    "dfff"
   ],
   "outputs": [
    {
     "output_type": "execute_result",
     "data": {
      "text/html": [
       "<div>\n",
       "<style scoped>\n",
       "    .dataframe tbody tr th:only-of-type {\n",
       "        vertical-align: middle;\n",
       "    }\n",
       "\n",
       "    .dataframe tbody tr th {\n",
       "        vertical-align: top;\n",
       "    }\n",
       "\n",
       "    .dataframe thead th {\n",
       "        text-align: right;\n",
       "    }\n",
       "</style>\n",
       "<table border=\"1\" class=\"dataframe\">\n",
       "  <thead>\n",
       "    <tr style=\"text-align: right;\">\n",
       "      <th></th>\n",
       "      <th>name</th>\n",
       "      <th>MSE</th>\n",
       "      <th>MAE</th>\n",
       "      <th>fitting time</th>\n",
       "    </tr>\n",
       "  </thead>\n",
       "  <tbody>\n",
       "    <tr>\n",
       "      <th>0</th>\n",
       "      <td>Decision Tree</td>\n",
       "      <td>0.065998</td>\n",
       "      <td>0.162810</td>\n",
       "      <td>0.094834</td>\n",
       "    </tr>\n",
       "    <tr>\n",
       "      <th>1</th>\n",
       "      <td>Random Forest</td>\n",
       "      <td>0.032222</td>\n",
       "      <td>0.121286</td>\n",
       "      <td>5.563676</td>\n",
       "    </tr>\n",
       "    <tr>\n",
       "      <th>2</th>\n",
       "      <td>Extra Trees</td>\n",
       "      <td>0.030078</td>\n",
       "      <td>0.114906</td>\n",
       "      <td>3.247556</td>\n",
       "    </tr>\n",
       "    <tr>\n",
       "      <th>3</th>\n",
       "      <td>Ada Boost</td>\n",
       "      <td>0.227738</td>\n",
       "      <td>0.391383</td>\n",
       "      <td>0.773245</td>\n",
       "    </tr>\n",
       "    <tr>\n",
       "      <th>4</th>\n",
       "      <td>XGB Regressor</td>\n",
       "      <td>0.030353</td>\n",
       "      <td>0.121415</td>\n",
